-5.0 0.0 0.0 4.603835441356847 1.6563034265040166
-5.0 0.5 0.0 4.609065450944028 1.618929950723984
-5.0 1.0 0.0 4.609836666208327 1.5840523657479366
-5.0 1.5 0.0 4.611764220386412 1.5535722290182181
-5.0 2.0 0.0 4.621624854628271 1.52455511255002
-5.0 2.5 0.0 4.623429245133668 1.4959807288855296
-5.0 3.0 0.0 4.627548872951534 1.464060622553987
-5.0 3.5 0.0 4.627559969728966 1.4349460891188675
-5.0 4.0 0.0 4.631400170360293 1.4040782872030628
-5.0 4.5 0.0 4.632898310183816 1.3718073624902303
-5.0 5.0 0.0 4.6399949960646705 1.341314611502097
-5.0 5.5 0.0 4.638475308572908 1.3078566480883442
-5.0 6.0 0.0 4.641209002990609 1.2734626667142368
-5.0 6.5 0.0 4.648362907384002 1.2394438723048753
-5.0 7.0 0.0 4.649592059859219 1.203635701911841
-5.0 7.5 0.0 4.653454104447114 1.1666362977188551
-5.0 8.0 0.0 4.654005438446838 1.1279426908076404
-5.0 8.5 0.0 4.658696944092756 1.0891910932292082
-5.0 9.0 0.0 4.661649468922363 1.047874469170856
-5.0 9.5 0.0 4.668848370502738 1.004338188105779
-5.0 10.0 0.0 4.666451650511887 0.9587959928967742
-5.0 10.5 0.0 4.674618675607142 0.9091982505613388
-5.0 11.0 0.0 4.675006883151295 0.8567898915042579
-5.0 11.5 0.0 4.679936394129216 0.800157641779545
-5.0 12.0 0.0 4.68770338925019 0.740196441631368
-5.0 13.0 0.0 4.694590010882683 0.6276417720506582
-5.0 14.0 0.0 4.7032239765615325 0.5465136587346957
-5.0 15.0 0.0 4.7111671502691035 0.48501290976088246
-5.0 16.0 0.0 4.717825200306326 0.43886938650166796
-5.0 17.0 0.0 4.727106898889908 0.40841282059021894
-5.0 18.0 0.0 4.733929633459754 0.3877909716001039
-5.0 19.0 0.0 4.740846727193307 0.3714404976071705
-5.0 20.0 0.0 4.747595194975002 0.35617861919947635
-5.0 22.0 0.0 4.754575185354151 0.32797574938093366
-5.0 24.0 0.0 4.77102881491982 0.3039459705103756
-5.0 26.0 0.0 4.780235257841921 0.2832691817382859
-5.0 28.0 0.0 4.789536761681465 0.2661472956745391
-5.0 30.0 0.0 4.798037836158551 0.25174602180261396
-4.0 0.0 0.0 4.69515548780123 1.7399224833297664
-4.0 0.5 0.0 4.706732007962201 1.6847707561009226
-4.0 1.0 0.0 4.709964762807356 1.638951952768476
-4.0 1.5 0.0 4.7121400858798745 1.6019664836728158
-4.0 2.0 0.0 4.718305936187899 1.5690955076184165
-4.0 2.5 0.0 4.716478239950425 1.538726518912708
-4.0 3.0 0.0 4.726866898427843 1.5082010355883622
-4.0 3.5 0.0 4.725459612764528 1.4776839637097186
-4.0 4.0 0.0 4.727865159554914 1.4475589923506715
-4.0 4.5 0.0 4.736098746599723 1.4180097501314854
-4.0 5.0 0.0 4.742038620512542 1.387458639256217
-4.0 5.5 0.0 4.742410904007686 1.35584893402922
-4.0 6.0 0.0 4.747762726517388 1.3235439795872226
-4.0 6.5 0.0 4.752448369805918 1.2916828264076978
-4.0 7.0 0.0 4.758778951156006 1.2580965679285605
-4.0 7.5 0.0 4.7619731553673725 1.2242553140156298
-4.0 8.0 0.0 4.765219230981437 1.1890330570765366
-4.0 8.5 0.0 4.770279989649294 1.1542242592349434
-4.0 9.0 0.0 4.770508435205876 1.115385157241311
-4.0 9.5 0.0 4.777218767347549 1.0765589236303685
-4.0 10.0 0.0 4.785194287801834 1.0362929456903023
-4.0 10.5 0.0 4.786267159361733 0.9929676584198972
-4.0 11.0 0.0 4.787157124730342 0.9476083600911963
-4.0 11.5 0.0 4.793581988451431 0.8985506256097426
-4.0 12.0 0.0 4.797980589617751 0.8459591899337005
-4.0 13.0 0.0 4.803616558962481 0.7307764910716353
-4.0 14.0 0.0 4.817064287644788 0.6220620364908891
-4.0 15.0 0.0 4.826983887695332 0.542534378832786
-4.0 16.0 0.0 4.837823951686632 0.4805197393691101
-4.0 17.0 0.0 4.845892480616745 0.43572620108703586
-4.0 18.0 0.0 4.851571282144123 0.4059801984117765
-4.0 19.0 0.0 4.856586695568113 0.38546006469743493
-4.0 20.0 0.0 4.863856773315197 0.369045670279483
-4.0 22.0 0.0 4.8774878331076215 0.3387346958187468
-4.0 24.0 0.0 4.889902289613945 0.3124648473910118
-4.0 26.0 0.0 4.89977230508044 0.2903443328132761
-4.0 28.0 0.0 4.9112189189474575 0.27208497939456666
-4.0 30.0 0.0 4.921696630549163 0.25631186499736247
-3.0 0.0 0.0 4.850620734499311 1.9049622121547325
-3.0 0.5 0.0 4.862958109791264 1.811969583159839
-3.0 1.0 0.0 4.864072810688847 1.7341162245342616
-3.0 1.5 0.0 4.870699134027338 1.677440579747262
-3.0 2.0 0.0 4.873637781200157 1.6311148395790813
-3.0 2.5 0.0 4.878138750725318 1.5946899915449728
-3.0 3.0 0.0 4.8844954414265205 1.561216106933436
-3.0 3.5 0.0 4.888087103087943 1.5301059027111852
-3.0 4.0 0.0 4.894156615029493 1.50062790290509
-3.0 4.5 0.0 4.900254867881736 1.4708487075688996
-3.0 5.0 0.0 4.901982115901166 1.4404423581478076
-3.0 5.5 0.0 4.912192781882549 1.4092217273123226
-3.0 6.0 0.0 4.9159365581123895 1.378824728292551
-3.0 6.5 0.0 4.920989382138559 1.34663950866533
-3.0 7.0 0.0 4.928413880706891 1.3157595032482807
-3.0 7.5 0.0 4.939141981375188 1.2830929987157393
-3.0 8.0 0.0 4.942612771650543 1.249091674594608
-3.0 8.5 0.0 4.957228152734189 1.2150569822029251
-3.0 9.0 0.0 4.96004897454344 1.1788269103065547
-3.0 9.5 0.0 4.967582903063046 1.1419956226215693
-3.0 10.0 0.0 4.975262842903943 1.1040966094704998
-3.0 10.5 0.0 4.986601381490248 1.063742565872866
-3.0 11.0 0.0 4.987853571767954 1.0214361599436361
-3.0 11.5 0.0 4.997116066535925 0.977089156329548
-3.0 12.0 0.0 5.002950246379127 0.931783164205453
-3.0 13.0 0.0 5.011335975354326 0.8283811091709594
-3.0 14.0 0.0 5.027763047266781 0.7130803403995856
-3.0 15.0 0.0 5.038278391076279 0.6068135522003341
-3.0 16.0 0.0 5.04970813519118 0.5296526591643321
-3.0 17.0 0.0 5.059805848685496 0.47034290327625305
-3.0 18.0 0.0 5.06827744534361 0.4268997569313626
-3.0 19.0 0.0 5.070769658806237 0.39872023910993315
-3.0 20.0 0.0 5.0829113892503575 0.37879439801442283
-3.0 22.0 0.0 5.096123490611041 0.346213031103672
-3.0 24.0 0.0 5.106415646340955 0.3171602419889301
-3.0 26.0 0.0 5.120884113627339 0.2929108495578076
-3.0 28.0 0.0 5.130667879914967 0.27294853781156286
-3.0 30.0 0.0 5.140468473999322 0.25609914555761215
-2.95 0.0 0.0 4.87010508848799 1.9136725718392076
-2.95 0.5 0.0 4.873927189639792 1.817100932646395
-2.95 1.0 0.0 4.885278676444497 1.7408136009054163
-2.95 1.5 0.0 4.889603551077407 1.6832097166826754
-2.95 2.0 0.0 4.894251940989037 1.6354911916117112
-2.95 2.5 0.0 4.901798086509891 1.5981114271969614
-2.95 3.0 0.0 4.9031368522528735 1.563857821854063
-2.95 3.5 0.0 4.912902858256251 1.533991214379989
-2.95 4.0 0.0 4.913443486903538 1.5035230401841189
-2.95 4.5 0.0 4.912839373504733 1.4723518211421098
-2.95 5.0 0.0 4.9247597809401 1.4433340018397796
-2.95 5.5 0.0 4.931095864392522 1.4120840664781573
-2.95 6.0 0.0 4.936571013118877 1.3799032909004187
-2.95 6.5 0.0 4.945216531865883 1.3482514625680406
-2.95 7.0 0.0 4.9562657804030765 1.315966189212821
-2.95 7.5 0.0 4.960282792897005 1.2829067707519266
-2.95 8.0 0.0 4.97136100002548 1.248245731912227
-2.95 8.5 0.0 4.978422927764852 1.2119181520677602
-2.95 9.0 0.0 4.987211401368545 1.1746112510580724
-2.95 9.5 0.0 4.997189077512415 1.1354693159729832
-2.95 10.0 0.0 5.004619335183966 1.0955266087750197
-2.95 10.5 0.0 5.0112083797155975 1.054236332986958
-2.95 11.0 0.0 5.019140213090098 1.011219436164746
-2.95 11.5 0.0 5.024331076716862 0.9660477476575763
-2.95 12.0 0.0 5.035975422948228 0.919719183647495
-2.95 13.0 0.0 5.042073333161401 0.8161201068610399
-2.95 14.0 0.0 5.064533091392115 0.7019555179077639
-2.95 15.0 0.0 5.068015694322894 0.5987822859065965
-2.95 16.0 0.0 5.07997051721118 0.5228478257512605
-2.95 17.0 0.0 5.0921732267036734 0.46423137877409076
-2.95 18.0 0.0 5.102582420191954 0.4227276014466345
-2.95 19.0 0.0 5.10751028095136 0.3952883190907118
-2.95 20.0 0.0 5.11187430678077 0.3754746973263855
-2.95 22.0 0.0 5.125951164937636 0.34122162891413604
-2.95 24.0 0.0 5.1410669155861894 0.31179029687601106
-2.95 26.0 0.0 5.154913106924136 0.2876404922560416
-2.95 28.0 0.0 5.168869986487858 0.2678175014249349
-2.95 30.0 0.0 5.17678062416588 0.2513427431037368
-2.9 0.0 0.0 4.8839312102394645 1.9268641287833597
-2.9 0.5 0.0 4.892155266642688 1.8270908032873694
-2.9 1.0 0.0 4.89445791122497 1.7473363675653901
-2.9 1.5 0.0 4.902735670661056 1.6862345180898155
-2.9 2.0 0.0 4.908141337814448 1.6386049989328448
-2.9 2.5 0.0 4.915093337961682 1.6005084090077872
-2.9 3.0 0.0 4.923583267265975 1.566580271385176
-2.9 3.5 0.0 4.926629321923018 1.5355938561258766
-2.9 4.0 0.0 4.936543632401282 1.5054432126903297
-2.9 4.5 0.0 4.937464299819368 1.4750113932659907
-2.9 5.0 0.0 4.943400517629152 1.444237075268114
-2.9 5.5 0.0 4.954500095630284 1.411410493541149
-2.9 6.0 0.0 4.960743746273132 1.379323885659113
-2.9 6.5 0.0 4.9700304077367345 1.3467161857122294
-2.9 7.0 0.0 4.9784825837974385 1.3126140853578565
-2.9 7.5 0.0 4.985090042785475 1.2773487127189334
-2.9 8.0 0.0 4.994317012647688 1.2404700817965306
-2.9 8.5 0.0 5.009397194365273 1.2031497671270663
-2.9 9.0 0.0 5.019066905498843 1.1633290101719473
-2.9 9.5 0.0 5.026527041148285 1.1215058737368127
-2.9 10.0 0.0 5.040494224595315 1.0811160270798439
-2.9 10.5 0.0 5.048168235905439 1.0365238431076176
-2.9 11.0 0.0 5.0546719634017645 0.9914266839765344
-2.9 11.5 0.0 5.064488922136625 0.9452328698094696
-2.9 12.0 0.0 5.076168718192352 0.8972950891743263
-2.9 13.0 0.0 5.0937643149196825 0.7943174242672164
-2.9 14.0 0.0 5.1021834341735985 0.6813565193034512
-2.9 15.0 0.0 5.115026063299923 0.5834582968687945
-2.9 16.0 0.0 5.129863135807 0.510783404492189
-2.9 17.0 0.0 5.142010561009053 0.4542956988691257
-2.9 18.0 0.0 5.1502543968788075 0.4152985252626288
-2.9 19.0 0.0 5.156783614591729 0.3888448579076603
-2.9 20.0 0.0 5.166895497147291 0.3692093765649092
-2.9 22.0 0.0 5.180944633647074 0.33322827073703815
-2.9 24.0 0.0 5.199385529037762 0.3037832527489473
-2.9 26.0 0.0 5.210267613903943 0.28020857750467965
-2.9 28.0 0.0 5.223337501166667 0.26077196079107756
-2.9 30.0 0.0 5.233188672419907 0.24430854724850024
-2.85 0.0 0.0 4.898166660554902 1.9401510631115566
-2.85 0.5 0.0 4.910873487632024 1.8348105057545898
-2.85 1.0 0.0 4.915368665003824 1.7545685757922032
-2.85 1.5 0.0 4.925037462019335 1.6926474781675416
-2.85 2.0 0.0 4.929221391959221 1.642138255059733
-2.85 2.5 0.0 4.936164575011817 1.6034989711179672
-2.85 3.0 0.0 4.940816008921494 1.5683830376667987
-2.85 3.5 0.0 4.951312561048427 1.5362975911553471
-2.85 4.0 0.0 4.95398786154571 1.506003223885442
-2.85 4.5 0.0 4.965019722426349 1.4736547282776797
-2.85 5.0 0.0 4.972410630567549 1.441782771439127
-2.85 5.5 0.0 4.975241080918707 1.4085417936594749
-2.85 6.0 0.0 4.992245997028315 1.3751046720396445
-2.85 6.5 0.0 5.000589747254475 1.3391523722436935
-2.85 7.0 0.0 5.013306615402152 1.30356182351683
-2.85 7.5 0.0 5.027174675281756 1.2672249553659618
-2.85 8.0 0.0 5.033837980989116 1.2272636099006229
-2.85 8.5 0.0 5.053656008739419 1.1867597611193688
-2.85 9.0 0.0 5.064466625328873 1.144687178381099
-2.85 9.5 0.0 5.078137989798058 1.1017749884385468
-2.85 10.0 0.0 5.09403946708853 1.0565833969489675
-2.85 10.5 0.0 5.112577493145212 1.0116256501477938
-2.85 11.0 0.0 5.120081833397763 0.964022319167693
-2.85 11.5 0.0 5.1312887966618765 0.9160915984730085
-2.85 12.0 0.0 5.140239069025269 0.8671626297847994
-2.85 13.0 0.0 5.165088074175332 0.7640094719940128
-2.85 14.0 0.0 5.179536213609514 0.6543737773040076
-2.85 15.0 0.0 5.1973017982785406 0.5641077281998923
-2.85 16.0 0.0 5.210487635598063 0.4943748861443473
-2.85 17.0 0.0 5.220505839076144 0.44143738027677876
-2.85 18.0 0.0 5.229237149402847 0.40568897933884973
-2.85 19.0 0.0 5.24015547462892 0.3807940915856443
-2.85 20.0 0.0 5.253551244401385 0.3597234653345883
-2.85 22.0 0.0 5.268202230841824 0.32307106652689094
-2.85 24.0 0.0 5.287690702986914 0.29400129978903033
-2.85 26.0 0.0 5.304938780648385 0.27078320349194457
-2.85 28.0 0.0 5.3145329056549375 0.2519462025565859
-2.85 30.0 0.0 5.324286728361287 0.23633938424267342
-2.8 0.0 0.0 4.919174092505852 1.955446164569704
-2.8 0.5 0.0 4.928801810413727 1.8473068611455121
-2.8 1.0 0.0 4.937290658170846 1.7642785137881882
-2.8 1.5 0.0 4.942656280365142 1.697200773418838
-2.8 2.0 0.0 4.950681995967109 1.6466902835731296
-2.8 2.5 0.0 4.957398223111415 1.6065339471621054
-2.8 3.0 0.0 4.966008248753241 1.571090245508002
-2.8 3.5 0.0 4.970169531917581 1.5384238874016576
-2.8 4.0 0.0 4.980395717034081 1.505880187550913
-2.8 4.5 0.0 4.98965783928945 1.4731418633549498
-2.8 5.0 0.0 4.997161057421659 1.4385817977949482
-2.8 5.5 0.0 5.009272954922639 1.402781658991861
-2.8 6.0 0.0 5.02117257466287 1.366720600729027
-2.8 6.5 0.0 5.041987173709116 1.3286922553386684
-2.8 7.0 0.0 5.061705505874877 1.2914050291010346
-2.8 7.5 0.0 5.084026314838138 1.251012639838536
-2.8 8.0 0.0 5.106478548837332 1.2081859891448048
-2.8 8.5 0.0 5.133563112567956 1.16588595373859
-2.8 9.0 0.0 5.1561440151903115 1.1198427009518377
-2.8 9.5 0.0 5.184748357248127 1.0736306451917166
-2.8 10.0 0.0 5.213832182819356 1.02562656387941
-2.8 10.5 0.0 5.234319450186703 0.9775729738720424
-2.8 11.0 0.0 5.252284904005981 0.9302456240263104
-2.8 11.5 0.0 5.270748450175752 0.88242788745312
-2.8 12.0 0.0 5.281409481468968 0.8324981435852367
-2.8 13.0 0.0 5.2999303400571804 0.7300318712297069
-2.8 14.0 0.0 5.313843609573287 0.626298047991607
-2.8 15.0 0.0 5.329611174026346 0.5424200867042316
-2.8 16.0 0.0 5.347750360882201 0.4763230017550144
-2.8 17.0 0.0 5.360542791824667 0.42798455999001106
-2.8 18.0 0.0 5.372813273878745 0.39505256924012633
-2.8 19.0 0.0 5.384614095373181 0.3700402735023261
-2.8 20.0 0.0 5.395408338646129 0.3480895834450944
-2.8 22.0 0.0 5.419804892875145 0.3118388193099754
-2.8 24.0 0.0 5.438386933182168 0.28359478387123926
-2.8 26.0 0.0 5.454886808536986 0.2612942339004108
-2.8 28.0 0.0 5.473998415834834 0.2431699266198871
-2.8 30.0 0.0 5.489113704394292 0.22810649796905963
-2.775 0.0 0.0 4.933377969926532 1.9693695902213837
-2.775 0.5 0.0 4.941971138347268 1.8527576583844587
-2.775 1.0 0.0 4.954076268770088 1.7681193960108874
-2.775 1.5 0.0 4.961293808869495 1.6990151772614248
-2.775 2.0 0.0 4.968578389743648 1.648399976002724
-2.775 2.5 0.0 4.978826166328036 1.607479223801711
-2.775 3.0 0.0 4.984415487022339 1.5712604355358222
-2.775 3.5 0.0 4.992672629912185 1.538078805217843
-2.775 4.0 0.0 5.002514284586365 1.5044825407155566
-2.775 4.5 0.0 5.014115715078608 1.470222117954351
-2.775 5.0 0.0 5.02513400673743 1.4345628553392948
-2.775 5.5 0.0 5.035849103454912 1.398190104430418
-2.775 6.0 0.0 5.0547453276340795 1.362278765176642
-2.775 6.5 0.0 5.077180984812805 1.323235019985493
-2.775 7.0 0.0 5.0992551430385955 1.283621868090614
-2.775 7.5 0.0 5.125852100787958 1.2411855131145306
-2.775 8.0 0.0 5.168462667535249 1.1972781030671875
-2.775 8.5 0.0 5.205005575240948 1.1511422706716365
-2.775 9.0 0.0 5.239119720865394 1.1042399059608987
-2.775 9.5 0.0 5.279823080164375 1.056134130590216
-2.775 10.0 0.0 5.306776856797603 1.0087688827274914
-2.775 10.5 0.0 5.329453607462303 0.9607224177659174
-2.775 11.0 0.0 5.347830055728684 0.9123148621573779
-2.775 11.5 0.0 5.354793656761897 0.8646771753915292
-2.775 12.0 0.0 5.368077440760923 0.8155309733915059
-2.775 13.0 0.0 5.390030231120881 0.7125525582878836
-2.775 14.0 0.0 5.414584081799685 0.612605027121421
-2.775 15.0 0.0 5.427803525824588 0.5309186380885637
-2.775 16.0 0.0 5.446741141291053 0.46759864322032424
-2.775 17.0 0.0 5.46283149700652 0.4207098157379955
-2.775 18.0 0.0 5.4779099514109255 0.388862205108476
-2.775 19.0 0.0 5.487812881897144 0.364096766970105
-2.775 20.0 0.0 5.503369684283276 0.34215297886367324
-2.775 22.0 0.0 5.5254018029297765 0.30556303811552704
-2.775 24.0 0.0 5.549158567862541 0.2778980700143661
-2.775 26.0 0.0 5.571890630149535 0.2561118579152475
-2.775 28.0 0.0 5.586609957385437 0.238415572683973
-2.775 30.0 0.0 5.60701741293851 0.22376588882499637
-2.75 0.0 0.0 4.94986791685798 1.9817891055229535
-2.75 0.5 0.0 4.9612601323898815 1.8581558056436365
-2.75 1.0 0.0 4.968044136200787 1.7720115099945606
-2.75 1.5 0.0 4.974310625026751 1.7026488151586316
-2.75 2.0 0.0 4.982478853760229 1.6508780370873322
-2.75 2.5 0.0 4.996487954633006 1.607938854111917
-2.75 3.0 0.0 5.0024648388789315 1.5718026672746865
-2.75 3.5 0.0 5.011955182996656 1.5372561981239339
-2.75 4.0 0.0 5.028209255172944 1.5035158066583838
-2.75 4.5 0.0 5.03806812415757 1.4684636514567515
-2.75 5.0 0.0 5.051217610333394 1.4316331973085203
-2.75 5.5 0.0 5.06889723476926 1.3937848665781605
-2.75 6.0 0.0 5.089277442320111 1.3557074246964564
-2.75 6.5 0.0 5.1186389963723045 1.315554350904322
-2.75 7.0 0.0 5.155979625338638 1.2746038679674314
-2.75 7.5 0.0 5.198338754365316 1.2309580832212548
-2.75 8.0 0.0 5.250482039773848 1.1853564552640345
-2.75 8.5 0.0 5.300904767259815 1.137541844242208
-2.75 9.0 0.0 5.351019132446507 1.0895614638118332
-2.75 9.5 0.0 5.39166801470095 1.04197074387015
-2.75 10.0 0.0 5.415618975110362 0.9932550007795484
-2.75 10.5 0.0 5.435484341220725 0.9451975471525514
-2.75 11.0 0.0 5.446256126159555 0.8976743964451465
-2.75 11.5 0.0 5.4675111123650515 0.8497504041606277
-2.75 12.0 0.0 5.479586697900589 0.8003121807776722
-2.75 13.0 0.0 5.500260728096844 0.6975977625235583
-2.75 14.0 0.0 5.526551067590267 0.5992328190763236
-2.75 15.0 0.0 5.547032455045223 0.5208950146300089
-2.75 16.0 0.0 5.568454239482148 0.4586807025845076
-2.75 17.0 0.0 5.583521945081454 0.4139222200907883
-2.75 18.0 0.0 5.60163745811826 0.3829437909232981
-2.75 19.0 0.0 5.6188867863644845 0.3577144522614132
-2.75 20.0 0.0 5.628154916956779 0.3357831966628339
-2.75 22.0 0.0 5.6609364277055345 0.2999249767728916
-2.75 24.0 0.0 5.6888117538090635 0.2727669858640075
-2.75 26.0 0.0 5.709932341756716 0.2514169793726556
-2.75 28.0 0.0 5.732780951885025 0.23400103164049058
-2.75 30.0 0.0 5.753082623921183 0.2193225826691851
-2.737 0.0 0.0 4.960172695192457 1.9908272195780659
-2.737 0.5 0.0 4.972298343086473 1.8601170026488585
-2.737 1.0 0.0 4.980395522798431 1.7740917923249195
-2.737 1.5 0.0 4.989474678657012 1.7049994240967827
-2.737 2.0 0.0 4.9994568492956395 1.651346467157915
-2.737 2.5 0.0 5.004881190107157 1.6087440712791872
-2.737 3.0 0.0 5.0173013206384045 1.574031730965853
-2.737 3.5 0.0 5.03173021015117 1.5394533695703865
-2.737 4.0 0.0 5.042187914892023 1.5033184819983487
-2.737 4.5 0.0 5.056627370574672 1.4663294660916912
-2.737 5.0 0.0 5.0723608683181025 1.4295704565320106
-2.737 5.5 0.0 5.090733989387469 1.391970644088721
-2.737 6.0 0.0 5.115300841118591 1.3520911428455342
-2.737 6.5 0.0 5.1524432476708695 1.3119189013736339
-2.737 7.0 0.0 5.196309591021506 1.2695085916571323
-2.737 7.5 0.0 5.248445690671814 1.2260690542096442
-2.737 8.0 0.0 5.3058240852221115 1.1789142969465662
-2.737 8.5 0.0 5.368710301674229 1.1304162313425403
-2.737 9.0 0.0 5.422750018420106 1.0832789734697388
-2.737 9.5 0.0 5.458998389515009 1.034392298622912
-2.737 10.0 0.0 5.4849350536279475 0.9861982372100584
-2.737 10.5 0.0 5.499380171294389 0.9384985920271431
-2.737 11.0 0.0 5.517960901186015 0.8907347992984979
-2.737 11.5 0.0 5.529544395489405 0.8430697705106014
-2.737 12.0 0.0 5.544968335274129 0.7934441467570359
-2.737 13.0 0.0 5.5698425121622925 0.6907604968638723
-2.737 14.0 0.0 5.590404173543698 0.593510664445509
-2.737 15.0 0.0 5.620495750861595 0.515492102149694
-2.737 16.0 0.0 5.644100969284009 0.4547402039540771
-2.737 17.0 0.0 5.659212017127893 0.411306745901832
-2.737 18.0 0.0 5.676054183662692 0.3798314394692176
-2.737 19.0 0.0 5.690845034735036 0.3547315729949366
-2.737 20.0 0.0 5.711956315705838 0.3329683547092366
-2.737 22.0 0.0 5.740190320807371 0.29706860959094133
-2.737 24.0 0.0 5.770387824010645 0.27064406820938147
-2.737 26.0 0.0 5.7932395108184656 0.24887104113098335
-2.737 28.0 0.0 5.819542004457302 0.23190083621556537
-2.737 30.0 0.0 5.84538305154796 0.21779768034731872
-2.725 0.0 0.0 4.966693622942698 1.9961145334807042
-2.725 0.5 0.0 4.982369809400493 1.863333886249744
-2.725 1.0 0.0 4.992234091719159 1.7763842901114513
-2.725 1.5 0.0 5.002328370246704 1.7061660931538576
-2.725 2.0 0.0 5.011089612072699 1.6522830991165607
-2.725 2.5 0.0 5.015020488513545 1.6104097363340448
-2.725 3.0 0.0 5.029282622609735 1.5715723022252925
-2.725 3.5 0.0 5.042883651206257 1.5384754442135327
-2.725 4.0 0.0 5.054539195062563 1.5027627976498377
-2.725 4.5 0.0 5.0721183065053035 1.4662804146513038
-2.725 5.0 0.0 5.093560607863282 1.4275652887012038
-2.725 5.5 0.0 5.116100083446759 1.3884477419769432
-2.725 6.0 0.0 5.138166316778828 1.348952012435815
-2.725 6.5 0.0 5.176656738639345 1.3074045713998046
-2.725 7.0 0.0 5.238784008721839 1.265194940944575
-2.725 7.5 0.0 5.303206124803439 1.2198987859861892
-2.725 8.0 0.0 5.372467371481408 1.1727744626293857
-2.725 8.5 0.0 5.435236155979436 1.1251492663350318
-2.725 9.0 0.0 5.4861296906756065 1.075909878936508
-2.725 9.5 0.0 5.522383907077152 1.0287590731759246
-2.725 10.0 0.0 5.545885668627219 0.9814593816062696
-2.725 10.5 0.0 5.55908353189893 0.9326216460663342
-2.725 11.0 0.0 5.576396066984928 0.8847085345948823
-2.725 11.5 0.0 5.5923468773642915 0.8366005928806403
-2.725 12.0 0.0 5.611384328761228 0.7872696790472433
-2.725 13.0 0.0 5.631768682075473 0.6846406879347641
-2.725 14.0 0.0 5.664901265976937 0.5881472583394196
-2.725 15.0 0.0 5.687311553448158 0.5115749234872315
-2.725 16.0 0.0 5.712896618140255 0.4516054248096041
-2.725 17.0 0.0 5.73242042385446 0.40821820132864395
-2.725 18.0 0.0 5.750212037137568 0.3774500964082792
-2.725 19.0 0.0 5.768910070482845 0.3519765827541574
-2.725 20.0 0.0 5.788744698263984 0.33012040075770177
-2.725 22.0 0.0 5.817603747903211 0.2948574730767029
-2.725 24.0 0.0 5.850878971243088 0.26829020954496813
-2.725 26.0 0.0 5.87771908906614 0.24710257431222232
-2.725 28.0 0.0 5.909225538626515 0.23006998943532678
-2.725 30.0 0.0 5.9295649758751265 0.2157745510703155
